,TravelTime,Latitude,Longitude
0,,37.712016,-122.50228100000001
1,,37.712016,-122.49848100000001
2,,37.712016,-122.49468100000001
3,,37.712016,-122.49088100000002
4,,37.712016,-122.48708100000002
5,,37.712016,-122.48328100000002
6,,37.712016,-122.47948100000002
7,,37.712016,-122.47568100000002
8,59.37021121708051,37.712016,-122.47188100000002
9,,37.712016,-122.46808100000003
10,,37.712016,-122.46428100000003
11,,37.712016,-122.46048100000003
12,,37.712016,-122.45668100000003
13,,37.712016,-122.45288100000003
14,,37.712016,-122.44908100000004
15,59.17254940725857,37.712016,-122.44528100000004
16,,37.712016,-122.44148100000004
17,57.90300173358294,37.712016,-122.43768100000004
18,55.69310908365367,37.712016,-122.43388100000004
19,54.17586247321631,37.712016,-122.43008100000004
20,51.970649329318334,37.712016,-122.42628100000005
21,52.12572580633945,37.712016,-122.42248100000005
22,48.39954107290808,37.712016,-122.41868100000005
23,45.505210868434695,37.712016,-122.41488100000005
24,42.8435431247211,37.712016,-122.41108100000005
25,41.90235556790928,37.712016,-122.40728100000005
26,39.86180791360812,37.712016,-122.40348100000006
27,41.81067847473884,37.712016,-122.39968100000006
28,45.14355709939783,37.712016,-122.39588100000006
29,49.95582324186824,37.712016,-122.39208100000006
30,54.843751077630806,37.712016,-122.38828100000006
31,59.89853919140067,37.712016,-122.38448100000006
32,,37.715816,-122.50228100000001
33,,37.715816,-122.49848100000001
34,,37.715816,-122.49468100000001
35,,37.715816,-122.49088100000002
36,,37.715816,-122.48708100000002
37,,37.715816,-122.48328100000002
38,58.666233616676756,37.715816,-122.47948100000002
39,57.1568626124256,37.715816,-122.47568100000002
40,55.58483432275248,37.715816,-122.47188100000002
41,59.37674701955869,37.715816,-122.46808100000003
42,,37.715816,-122.46428100000003
43,,37.715816,-122.46048100000003
44,,37.715816,-122.45668100000003
45,,37.715816,-122.45288100000003
46,,37.715816,-122.44908100000004
47,,37.715816,-122.44528100000004
48,56.015956008622055,37.715816,-122.44148100000004
49,56.722190512505,37.715816,-122.43768100000004
50,57.33953140423432,37.715816,-122.43388100000004
51,57.673475715162034,37.715816,-122.43008100000004
52,57.331816472508336,37.715816,-122.42628100000005
53,54.52074828195548,37.715816,-122.42248100000005
54,49.77001556665006,37.715816,-122.41868100000005
55,47.187383069432066,37.715816,-122.41488100000005
56,47.06738021900041,37.715816,-122.41108100000005
57,45.805781781530264,37.715816,-122.40728100000005
58,41.408391865125466,37.715816,-122.40348100000006
59,38.46510356280523,37.715816,-122.39968100000006
60,42.96309885990006,37.715816,-122.39588100000006
61,48.24995754149702,37.715816,-122.39208100000006
62,53.58483461282449,37.715816,-122.38828100000006
63,58.33147559707341,37.715816,-122.38448100000006
64,,37.715816,-122.38068100000007
65,,37.719615999999995,-122.50228100000001
66,,37.719615999999995,-122.49848100000001
67,,37.719615999999995,-122.49468100000001
68,,37.719615999999995,-122.49088100000002
69,59.453211516986876,37.719615999999995,-122.48708100000002
70,56.573982589533536,37.719615999999995,-122.48328100000002
71,54.83249243236444,37.719615999999995,-122.47948100000002
72,54.5116237597966,37.719615999999995,-122.47568100000002
73,57.33436153174338,37.719615999999995,-122.47188100000002
74,56.09995932641548,37.719615999999995,-122.46808100000003
75,55.46481006792418,37.719615999999995,-122.46428100000003
76,55.4576034765415,37.719615999999995,-122.46048100000003
77,56.1441965593118,37.719615999999995,-122.45668100000003
78,56.69433492059118,37.719615999999995,-122.45288100000003
79,57.83178880342267,37.719615999999995,-122.44908100000004
80,58.297028535599374,37.719615999999995,-122.44528100000004
81,58.92430794359816,37.719615999999995,-122.44148100000004
82,56.650355707256836,37.719615999999995,-122.43768100000004
83,58.15846527942223,37.719615999999995,-122.43388100000004
84,58.05184706515227,37.719615999999995,-122.43008100000004
85,58.08678507626799,37.719615999999995,-122.42628100000005
86,57.32902021921336,37.719615999999995,-122.42248100000005
87,54.018269012086144,37.719615999999995,-122.41868100000005
88,52.48100843443135,37.719615999999995,-122.41488100000005
89,49.244096772415425,37.719615999999995,-122.41108100000005
90,44.78086612378542,37.719615999999995,-122.40728100000005
91,40.20202146799226,37.719615999999995,-122.40348100000006
92,37.9526881150418,37.719615999999995,-122.39968100000006
93,43.13481373162104,37.719615999999995,-122.39588100000006
94,48.0475091886916,37.719615999999995,-122.39208100000006
95,52.348252364685635,37.719615999999995,-122.38828100000006
96,57.33241626897337,37.719615999999995,-122.38448100000006
97,,37.719615999999995,-122.38068100000007
98,,37.719615999999995,-122.37688100000007
99,,37.719615999999995,-122.37308100000007
100,,37.72341599999999,-122.50608100000001
101,,37.72341599999999,-122.50228100000001
102,,37.72341599999999,-122.49848100000001
103,,37.72341599999999,-122.49468100000001
104,,37.72341599999999,-122.49088100000002
105,57.02307414282764,37.72341599999999,-122.48708100000002
106,53.91559841816382,37.72341599999999,-122.48328100000002
107,52.45213715942349,37.72341599999999,-122.47948100000002
108,51.84035364413847,37.72341599999999,-122.47568100000002
109,52.999271163088025,37.72341599999999,-122.47188100000002
110,50.890615751430495,37.72341599999999,-122.46808100000003
111,50.104071328630155,37.72341599999999,-122.46428100000003
112,50.33842608490417,37.72341599999999,-122.46048100000003
113,51.784727221900795,37.72341599999999,-122.45668100000003
114,53.01183290214022,37.72341599999999,-122.45288100000003
115,55.10384937202731,37.72341599999999,-122.44908100000004
116,54.66129024438599,37.72341599999999,-122.44528100000004
117,56.103126536528556,37.72341599999999,-122.44148100000004
118,54.688862471579924,37.72341599999999,-122.43768100000004
119,55.22323939245544,37.72341599999999,-122.43388100000004
120,55.075942776689075,37.72341599999999,-122.43008100000004
121,54.09596787823647,37.72341599999999,-122.42628100000005
122,53.30477901979853,37.72341599999999,-122.42248100000005
123,52.2083424910057,37.72341599999999,-122.41868100000005
124,50.62809272952312,37.72341599999999,-122.41488100000005
125,45.804282346731966,37.72341599999999,-122.41108100000005
126,41.82647396183391,37.72341599999999,-122.40728100000005
127,37.257870472316974,37.72341599999999,-122.40348100000006
128,38.53554284990301,37.72341599999999,-122.39968100000006
129,42.83300696210279,37.72341599999999,-122.39588100000006
130,45.964110003451076,37.72341599999999,-122.39208100000006
131,51.28574361247236,37.72341599999999,-122.38828100000006
132,56.63631429282757,37.72341599999999,-122.38448100000006
133,59.48545900929844,37.72341599999999,-122.38068100000007
134,58.817738102906084,37.72341599999999,-122.37688100000007
135,58.411757251548096,37.72341599999999,-122.37308100000007
136,58.022482505649364,37.72341599999999,-122.36928100000007
137,,37.72341599999999,-122.36548100000007
138,,37.72721599999999,-122.50608100000001
139,,37.72721599999999,-122.50228100000001
140,,37.72721599999999,-122.49848100000001
141,56.6175915808908,37.72721599999999,-122.49468100000001
142,58.658080924447816,37.72721599999999,-122.49088100000002
143,55.01781449202192,37.72721599999999,-122.48708100000002
144,50.618363068059146,37.72721599999999,-122.48328100000002
145,50.3158222747712,37.72721599999999,-122.47948100000002
146,48.60761626280281,37.72721599999999,-122.47568100000002
147,47.6383648423588,37.72721599999999,-122.47188100000002
148,46.07291023858728,37.72721599999999,-122.46808100000003
149,48.09321150566368,37.72721599999999,-122.46428100000003
150,51.25475059804271,37.72721599999999,-122.46048100000003
151,53.95663316786772,37.72721599999999,-122.45668100000003
152,54.85638224527835,37.72721599999999,-122.45288100000003
153,56.31058742554937,37.72721599999999,-122.44908100000004
154,56.95141263706104,37.72721599999999,-122.44528100000004
155,54.252505133947814,37.72721599999999,-122.44148100000004
156,55.14239066558884,37.72721599999999,-122.43768100000004
157,52.481515181429295,37.72721599999999,-122.43388100000004
158,50.345584009259234,37.72721599999999,-122.43008100000004
159,48.79094933288702,37.72721599999999,-122.42628100000005
160,47.945784379967904,37.72721599999999,-122.42248100000005
161,47.45062699889143,37.72721599999999,-122.41868100000005
162,46.58856575536311,37.72721599999999,-122.41488100000005
163,43.7129519486388,37.72721599999999,-122.41108100000005
164,38.85555893951331,37.72721599999999,-122.40728100000005
165,34.96978584384562,37.72721599999999,-122.40348100000006
166,39.69470895219192,37.72721599999999,-122.39968100000006
167,44.93710439430658,37.72721599999999,-122.39588100000006
168,48.362410201556365,37.72721599999999,-122.39208100000006
169,52.86182934511432,37.72721599999999,-122.38828100000006
170,53.842058628786624,37.72721599999999,-122.38448100000006
171,54.13709684721117,37.72721599999999,-122.38068100000007
172,53.4639928620478,37.72721599999999,-122.37688100000007
173,53.97767108562057,37.72721599999999,-122.37308100000007
174,53.50489065854268,37.72721599999999,-122.36928100000007
175,58.4555578571916,37.72721599999999,-122.36548100000007
176,,37.72721599999999,-122.36168100000008
177,,37.73101599999999,-122.50608100000001
178,,37.73101599999999,-122.50228100000001
179,58.601098615422195,37.73101599999999,-122.49848100000001
180,55.38075768547262,37.73101599999999,-122.49468100000001
181,57.19441290643461,37.73101599999999,-122.49088100000002
182,53.662117979194385,37.73101599999999,-122.48708100000002
183,55.72239907249928,37.73101599999999,-122.48328100000002
184,51.48430131740132,37.73101599999999,-122.47948100000002
185,46.98658934995262,37.73101599999999,-122.47568100000002
186,42.28725124282399,37.73101599999999,-122.47188100000002
187,45.71349723693014,37.73101599999999,-122.46808100000003
188,49.228353433482646,37.73101599999999,-122.46428100000003
189,50.90551346894981,37.73101599999999,-122.46048100000003
190,50.43846667558637,37.73101599999999,-122.45668100000003
191,51.286979769965356,37.73101599999999,-122.45288100000003
192,54.11184987017794,37.73101599999999,-122.44908100000004
193,52.67434693053177,37.73101599999999,-122.44528100000004
194,52.00837532196383,37.73101599999999,-122.44148100000004
195,52.092807818993656,37.73101599999999,-122.43768100000004
196,50.537708619958195,37.73101599999999,-122.43388100000004
197,51.22455017883428,37.73101599999999,-122.43008100000004
198,49.90102693896163,37.73101599999999,-122.42628100000005
199,48.554611566182494,37.73101599999999,-122.42248100000005
200,47.41101361887597,37.73101599999999,-122.41868100000005
201,45.105781301006154,37.73101599999999,-122.41488100000005
202,42.08773165906303,37.73101599999999,-122.41108100000005
203,37.90023256402818,37.73101599999999,-122.40728100000005
204,36.09911163920221,37.73101599999999,-122.40348100000006
205,40.588857041939974,37.73101599999999,-122.39968100000006
206,44.95314425285876,37.73101599999999,-122.39588100000006
207,48.876453171574866,37.73101599999999,-122.39208100000006
208,47.988304210679225,37.73101599999999,-122.38828100000006
209,50.00862280344774,37.73101599999999,-122.38448100000006
210,50.14759244184863,37.73101599999999,-122.38068100000007
211,49.160462578498105,37.73101599999999,-122.37688100000007
212,51.567827574391345,37.73101599999999,-122.37308100000007
213,54.68598377291305,37.73101599999999,-122.36928100000007
214,58.690241275237774,37.73101599999999,-122.36548100000007
215,,37.73101599999999,-122.36168100000008
216,56.26272027196737,37.73481599999999,-122.50608100000001
217,56.54700101333539,37.73481599999999,-122.50228100000001
218,55.949614802053674,37.73481599999999,-122.49848100000001
219,54.97878458292084,37.73481599999999,-122.49468100000001
220,54.198596305467724,37.73481599999999,-122.49088100000002
221,52.82934671508577,37.73481599999999,-122.48708100000002
222,51.99397652123302,37.73481599999999,-122.48328100000002
223,50.833328478382235,37.73481599999999,-122.47948100000002
224,45.7323086370346,37.73481599999999,-122.47568100000002
225,40.371271460611325,37.73481599999999,-122.47188100000002
226,42.88958400485122,37.73481599999999,-122.46808100000003
227,43.96039766766898,37.73481599999999,-122.46428100000003
228,46.39413554439778,37.73481599999999,-122.46048100000003
229,50.39984370505733,37.73481599999999,-122.45668100000003
230,51.388234137035276,37.73481599999999,-122.45288100000003
231,51.770786485992524,37.73481599999999,-122.44908100000004
232,47.841011137342214,37.73481599999999,-122.44528100000004
233,48.208891613100214,37.73481599999999,-122.44148100000004
234,49.58808690516066,37.73481599999999,-122.43768100000004
235,49.499993541908815,37.73481599999999,-122.43388100000004
236,53.71740742902698,37.73481599999999,-122.43008100000004
237,50.30241566066903,37.73481599999999,-122.42628100000005
238,50.60604037806545,37.73481599999999,-122.42248100000005
239,51.64600713360604,37.73481599999999,-122.41868100000005
240,49.64399847856107,37.73481599999999,-122.41488100000005
241,44.81748877588151,37.73481599999999,-122.41108100000005
242,40.53279458384711,37.73481599999999,-122.40728100000005
243,40.74490910877201,37.73481599999999,-122.40348100000006
244,43.206317224391476,37.73481599999999,-122.39968100000006
245,45.67566007802622,37.73481599999999,-122.39588100000006
246,45.30458915203331,37.73481599999999,-122.39208100000006
247,48.518241316973494,37.73481599999999,-122.38828100000006
248,49.573154881217256,37.73481599999999,-122.38448100000006
249,50.10985812550796,37.73481599999999,-122.38068100000007
250,52.86062618140916,37.73481599999999,-122.37688100000007
251,55.85929655832476,37.73481599999999,-122.37308100000007
252,58.87773645915389,37.73481599999999,-122.36928100000007
253,54.27560855949962,37.738615999999986,-122.50608100000001
254,55.65133499691307,37.738615999999986,-122.50228100000001
255,54.90229757275067,37.738615999999986,-122.49848100000001
256,53.41717858361694,37.738615999999986,-122.49468100000001
257,52.54110300060808,37.738615999999986,-122.49088100000002
258,51.4517741673545,37.738615999999986,-122.48708100000002
259,49.932471672714414,37.738615999999986,-122.48328100000002
260,49.04896986716361,37.738615999999986,-122.47948100000002
261,46.95164247713983,37.738615999999986,-122.47568100000002
262,42.29410829760232,37.738615999999986,-122.47188100000002
263,39.62651481951567,37.738615999999986,-122.46808100000003
264,38.91803609569847,37.738615999999986,-122.46428100000003
265,43.084215753931026,37.738615999999986,-122.46048100000003
266,46.16272293314471,37.738615999999986,-122.45668100000003
267,46.07453406600367,37.738615999999986,-122.45288100000003
268,46.52592296474724,37.738615999999986,-122.44908100000004
269,45.84574366826039,37.738615999999986,-122.44528100000004
270,49.00370391718691,37.738615999999986,-122.44148100000004
271,49.966573412596155,37.738615999999986,-122.43768100000004
272,49.93438286265927,37.738615999999986,-122.43388100000004
273,49.22975516719342,37.738615999999986,-122.43008100000004
274,47.37780101340991,37.738615999999986,-122.42628100000005
275,46.94280186433513,37.738615999999986,-122.42248100000005
276,52.28088369491725,37.738615999999986,-122.41868100000005
277,52.126243399449024,37.738615999999986,-122.41488100000005
278,48.06617914752614,37.738615999999986,-122.41108100000005
279,45.49218064160526,37.738615999999986,-122.40728100000005
280,45.67235768564489,37.738615999999986,-122.40348100000006
281,45.38789384994702,37.738615999999986,-122.39968100000006
282,44.95232515776459,37.738615999999986,-122.39588100000006
283,48.55351495338561,37.738615999999986,-122.39208100000006
284,46.1893840908435,37.738615999999986,-122.38828100000006
285,47.15006037018518,37.738615999999986,-122.38448100000006
286,50.75068827947169,37.738615999999986,-122.38068100000007
287,54.60051630259981,37.738615999999986,-122.37688100000007
288,59.59027468412085,37.738615999999986,-122.37308100000007
289,53.91218073888869,37.742415999999984,-122.50608100000001
290,51.68350444033823,37.742415999999984,-122.50228100000001
291,50.64532804523718,37.742415999999984,-122.49848100000001
292,49.48677690038683,37.742415999999984,-122.49468100000001
293,48.70001343462434,37.742415999999984,-122.49088100000002
294,46.27120937806475,37.742415999999984,-122.48708100000002
295,44.645013646187685,37.742415999999984,-122.48328100000002
296,44.46092840558319,37.742415999999984,-122.47948100000002
297,41.602522930255766,37.742415999999984,-122.47568100000002
298,40.39485230444429,37.742415999999984,-122.47188100000002
299,38.02641809379254,37.742415999999984,-122.46808100000003
300,37.32901641961814,37.742415999999984,-122.46428100000003
301,40.62384639089995,37.742415999999984,-122.46048100000003
302,40.98970386576272,37.742415999999984,-122.45668100000003
303,40.86519095887062,37.742415999999984,-122.45288100000003
304,41.63301040290573,37.742415999999984,-122.44908100000004
305,44.233788046190746,37.742415999999984,-122.44528100000004
306,44.20609599192906,37.742415999999984,-122.44148100000004
307,45.188364516913175,37.742415999999984,-122.43768100000004
308,45.05149040776018,37.742415999999984,-122.43388100000004
309,46.867003045109556,37.742415999999984,-122.43008100000004
310,42.76648915477141,37.742415999999984,-122.42628100000005
311,45.60215402644464,37.742415999999984,-122.42248100000005
312,49.73149712346264,37.742415999999984,-122.41868100000005
313,52.72017020754825,37.742415999999984,-122.41488100000005
314,51.52226364710808,37.742415999999984,-122.41108100000005
315,46.46269804782222,37.742415999999984,-122.40728100000005
316,46.51894227429487,37.742415999999984,-122.40348100000006
317,50.551115433995655,37.742415999999984,-122.39968100000006
318,50.14083796554489,37.742415999999984,-122.39588100000006
319,48.331512354703555,37.742415999999984,-122.39208100000006
320,43.41032348995555,37.742415999999984,-122.38828100000006
321,47.881926408322585,37.742415999999984,-122.38448100000006
322,53.233274997268424,37.742415999999984,-122.38068100000007
323,57.73024262864671,37.742415999999984,-122.37688100000007
324,,37.74621599999998,-122.50988100000001
325,58.10849455969022,37.74621599999998,-122.50608100000001
326,57.039407552803645,37.74621599999998,-122.50228100000001
327,55.31891130317798,37.74621599999998,-122.49848100000001
328,50.67176584799692,37.74621599999998,-122.49468100000001
329,52.34504145637917,37.74621599999998,-122.49088100000002
330,50.96191878942647,37.74621599999998,-122.48708100000002
331,48.906995452206935,37.74621599999998,-122.48328100000002
332,47.86197586211365,37.74621599999998,-122.47948100000002
333,45.2448469643375,37.74621599999998,-122.47568100000002
334,43.53948519684203,37.74621599999998,-122.47188100000002
335,42.651648029184,37.74621599999998,-122.46808100000003
336,40.740899262793,37.74621599999998,-122.46428100000003
337,35.99374759194545,37.74621599999998,-122.46048100000003
338,35.74617198746791,37.74621599999998,-122.45668100000003
339,37.697615865674145,37.74621599999998,-122.45288100000003
340,39.79316463313632,37.74621599999998,-122.44908100000004
341,39.406261577457066,37.74621599999998,-122.44528100000004
342,42.05525323976845,37.74621599999998,-122.44148100000004
343,42.20479887232386,37.74621599999998,-122.43768100000004
344,42.56917366739695,37.74621599999998,-122.43388100000004
345,44.597000821354136,37.74621599999998,-122.43008100000004
346,41.77412601332815,37.74621599999998,-122.42628100000005
347,46.78551947754865,37.74621599999998,-122.42248100000005
348,46.30582542487106,37.74621599999998,-122.41868100000005
349,48.73448858806805,37.74621599999998,-122.41488100000005
350,51.174398557284505,37.74621599999998,-122.41108100000005
351,48.86571940686246,37.74621599999998,-122.40728100000005
352,48.89618232806415,37.74621599999998,-122.40348100000006
353,52.89441363085099,37.74621599999998,-122.39968100000006
354,52.470126168078664,37.74621599999998,-122.39588100000006
355,47.60517626082506,37.74621599999998,-122.39208100000006
356,44.20228040394511,37.74621599999998,-122.38828100000006
357,45.913155718674446,37.74621599999998,-122.38448100000006
358,,37.75001599999998,-122.50988100000001
359,,37.75001599999998,-122.50608100000001
360,58.91462638236981,37.75001599999998,-122.50228100000001
361,53.731851181996475,37.75001599999998,-122.49848100000001
362,50.66386064962026,37.75001599999998,-122.49468100000001
363,55.03464485723086,37.75001599999998,-122.49088100000002
364,52.91924330528734,37.75001599999998,-122.48708100000002
365,51.92043756799098,37.75001599999998,-122.48328100000002
366,48.91643535402616,37.75001599999998,-122.47948100000002
367,46.756994885352036,37.75001599999998,-122.47568100000002
368,47.559081525774324,37.75001599999998,-122.47188100000002
369,44.97867792487711,37.75001599999998,-122.46808100000003
370,39.68886076787854,37.75001599999998,-122.46428100000003
371,36.0089019345415,37.75001599999998,-122.46048100000003
372,37.15902328856781,37.75001599999998,-122.45668100000003
373,41.98482150009695,37.75001599999998,-122.45288100000003
374,43.29427725625052,37.75001599999998,-122.44908100000004
375,43.311821914561165,37.75001599999998,-122.44528100000004
376,40.548697606708586,37.75001599999998,-122.44148100000004
377,38.09019546101633,37.75001599999998,-122.43768100000004
378,40.783848954376,37.75001599999998,-122.43388100000004
379,42.430102681078566,37.75001599999998,-122.43008100000004
380,40.77556089998426,37.75001599999998,-122.42628100000005
381,45.5111063613457,37.75001599999998,-122.42248100000005
382,43.75680511853468,37.75001599999998,-122.41868100000005
383,46.8333791638523,37.75001599999998,-122.41488100000005
384,47.23951641231262,37.75001599999998,-122.41108100000005
385,43.90716981676782,37.75001599999998,-122.40728100000005
386,45.66063172328068,37.75001599999998,-122.40348100000006
387,48.280225561511116,37.75001599999998,-122.39968100000006
388,50.50267017473756,37.75001599999998,-122.39588100000006
389,46.53768847333448,37.75001599999998,-122.39208100000006
390,41.67891295033543,37.75001599999998,-122.38828100000006
391,,37.75381599999998,-122.50988100000001
392,,37.75381599999998,-122.50608100000001
393,57.39459468363895,37.75381599999998,-122.50228100000001
394,52.478324761920916,37.75381599999998,-122.49848100000001
395,48.98186429244689,37.75381599999998,-122.49468100000001
396,54.27363671478336,37.75381599999998,-122.49088100000002
397,54.26740999334044,37.75381599999998,-122.48708100000002
398,52.021003939119595,37.75381599999998,-122.48328100000002
399,47.06601108174327,37.75381599999998,-122.47948100000002
400,44.10676740644736,37.75381599999998,-122.47568100000002
401,46.0816359020692,37.75381599999998,-122.47188100000002
402,44.45520570538676,37.75381599999998,-122.46808100000003
403,39.82477256086396,37.75381599999998,-122.46428100000003
404,39.27745498335415,37.75381599999998,-122.46048100000003
405,41.73265249270018,37.75381599999998,-122.45668100000003
406,44.73378140243118,37.75381599999998,-122.45288100000003
407,48.46397658178333,37.75381599999998,-122.44908100000004
408,44.3237377941776,37.75381599999998,-122.44528100000004
409,38.97560418558222,37.75381599999998,-122.44148100000004
410,35.18212920537777,37.75381599999998,-122.43768100000004
411,37.68153892072151,37.75381599999998,-122.43388100000004
412,39.90622172626494,37.75381599999998,-122.43008100000004
413,38.78723527947097,37.75381599999998,-122.42628100000005
414,42.427360376363296,37.75381599999998,-122.42248100000005
415,41.35099151581599,37.75381599999998,-122.41868100000005
416,45.283164410437934,37.75381599999998,-122.41488100000005
417,45.42529913146766,37.75381599999998,-122.41108100000005
418,40.93708433407351,37.75381599999998,-122.40728100000005
419,43.8688723366437,37.75381599999998,-122.40348100000006
420,44.94171687592457,37.75381599999998,-122.39968100000006
421,48.439579634894464,37.75381599999998,-122.39588100000006
422,43.24644876074591,37.75381599999998,-122.39208100000006
423,39.26802567398582,37.75381599999998,-122.38828100000006
424,,37.75761599999998,-122.50988100000001
425,,37.75761599999998,-122.50608100000001
426,55.72202295852073,37.75761599999998,-122.50228100000001
427,50.882058251959144,37.75761599999998,-122.49848100000001
428,48.13382371278022,37.75761599999998,-122.49468100000001
429,52.85758183996557,37.75761599999998,-122.49088100000002
430,52.00272347768417,37.75761599999998,-122.48708100000002
431,49.91284861343254,37.75761599999998,-122.48328100000002
432,45.02732123615596,37.75761599999998,-122.47948100000002
433,42.80038838577405,37.75761599999998,-122.47568100000002
434,45.71802779971585,37.75761599999998,-122.47188100000002
435,41.27518238672812,37.75761599999998,-122.46808100000003
436,38.41237016628122,37.75761599999998,-122.46428100000003
437,41.36973487457121,37.75761599999998,-122.46048100000003
438,46.285109635584405,37.75761599999998,-122.45668100000003
439,48.92834563602276,37.75761599999998,-122.45288100000003
440,48.73011520678765,37.75761599999998,-122.44908100000004
441,43.50893902004192,37.75761599999998,-122.44528100000004
442,38.1480014398542,37.75761599999998,-122.44148100000004
443,33.325004111429,37.75761599999998,-122.43768100000004
444,33.22541163299876,37.75761599999998,-122.43388100000004
445,36.87756888650942,37.75761599999998,-122.43008100000004
446,35.539396364913706,37.75761599999998,-122.42628100000005
447,40.878481967773425,37.75761599999998,-122.42248100000005
448,39.021540878620144,37.75761599999998,-122.41868100000005
449,43.8887055684862,37.75761599999998,-122.41488100000005
450,46.155999758417224,37.75761599999998,-122.41108100000005
451,41.75817535980958,37.75761599999998,-122.40728100000005
452,41.448385425467684,37.75761599999998,-122.40348100000006
453,42.69338674420855,37.75761599999998,-122.39968100000006
454,45.86223460716914,37.75761599999998,-122.39588100000006
455,41.26744938227902,37.75761599999998,-122.39208100000006
456,38.90613753586389,37.75761599999998,-122.38828100000006
457,59.26128707127978,37.761415999999976,-122.50988100000001
458,57.31543743307103,37.761415999999976,-122.50608100000001
459,53.26772298908106,37.761415999999976,-122.50228100000001
460,49.179744442297334,37.761415999999976,-122.49848100000001
461,47.21578266233996,37.761415999999976,-122.49468100000001
462,47.518038375988375,37.761415999999976,-122.49088100000002
463,46.724899617936266,37.761415999999976,-122.48708100000002
464,46.19480395837174,37.761415999999976,-122.48328100000002
465,43.04520794792862,37.761415999999976,-122.47948100000002
466,41.71623489762392,37.761415999999976,-122.47568100000002
467,44.09552709406868,37.761415999999976,-122.47188100000002
468,41.774130901883076,37.761415999999976,-122.46808100000003
469,41.25425516126822,37.761415999999976,-122.46428100000003
470,43.28031973446409,37.761415999999976,-122.46048100000003
471,47.799022740782625,37.761415999999976,-122.45668100000003
472,46.77418889273155,37.761415999999976,-122.45288100000003
473,45.1100305114455,37.761415999999976,-122.44908100000004
474,42.210120363669716,37.761415999999976,-122.44528100000004
475,36.91700804022019,37.761415999999976,-122.44148100000004
476,31.81894479581329,37.761415999999976,-122.43768100000004
477,30.661745432529468,37.761415999999976,-122.43388100000004
478,34.00017149950898,37.761415999999976,-122.43008100000004
479,34.663029817644755,37.761415999999976,-122.42628100000005
480,39.56499312735384,37.761415999999976,-122.42248100000005
481,37.6058862771664,37.761415999999976,-122.41868100000005
482,41.737403870546466,37.761415999999976,-122.41488100000005
483,42.47836544438135,37.761415999999976,-122.41108100000005
484,40.77670658545217,37.761415999999976,-122.40728100000005
485,39.008815430412646,37.761415999999976,-122.40348100000006
486,41.203408605959616,37.761415999999976,-122.39968100000006
487,41.98629120296629,37.761415999999976,-122.39588100000006
488,38.287392204477406,37.761415999999976,-122.39208100000006
489,36.31716929058205,37.761415999999976,-122.38828100000006
490,,37.765215999999974,-122.50988100000001
491,57.66786161562668,37.765215999999974,-122.50608100000001
492,52.342900259462525,37.765215999999974,-122.50228100000001
493,47.155415073074565,37.765215999999974,-122.49848100000001
494,44.31959277912298,37.765215999999974,-122.49468100000001
495,43.25346668071438,37.765215999999974,-122.49088100000002
496,42.655304954947106,37.765215999999974,-122.48708100000002
497,41.428036119423595,37.765215999999974,-122.48328100000002
498,39.99266242350009,37.765215999999974,-122.47948100000002
499,40.344404500474255,37.765215999999974,-122.47568100000002
500,42.06921361808839,37.765215999999974,-122.47188100000002
501,42.94078004695071,37.765215999999974,-122.46808100000003
502,42.853014185377184,37.765215999999974,-122.46428100000003
503,45.85680764555449,37.765215999999974,-122.46048100000003
504,44.34492102857113,37.765215999999974,-122.45668100000003
505,43.618771408526825,37.765215999999974,-122.45288100000003
506,41.31505947273099,37.765215999999974,-122.44908100000004
507,42.54315797973042,37.765215999999974,-122.44528100000004
508,37.43869459526936,37.765215999999974,-122.44148100000004
509,32.915309006246204,37.765215999999974,-122.43768100000004
510,31.96140572495622,37.765215999999974,-122.43388100000004
511,30.08211242117115,37.765215999999974,-122.43008100000004
512,32.138331671384,37.765215999999974,-122.42628100000005
513,36.96964300620671,37.765215999999974,-122.42248100000005
514,36.389192091006855,37.765215999999974,-122.41868100000005
515,38.47075784030925,37.765215999999974,-122.41488100000005
516,39.610552392755004,37.765215999999974,-122.41108100000005
517,35.69455950926314,37.765215999999974,-122.40728100000005
518,36.72213274306242,37.765215999999974,-122.40348100000006
519,37.44466770383666,37.765215999999974,-122.39968100000006
520,37.288030695208455,37.765215999999974,-122.39588100000006
521,35.50122039274707,37.765215999999974,-122.39208100000006
522,33.855885708962575,37.765215999999974,-122.38828100000006
523,56.97306359263114,37.76901599999997,-122.50988100000001
524,56.30872693770244,37.76901599999997,-122.50608100000001
525,54.606776844816586,37.76901599999997,-122.50228100000001
526,51.34036420094105,37.76901599999997,-122.49848100000001
527,49.67984158965669,37.76901599999997,-122.49468100000001
528,48.282777037008145,37.76901599999997,-122.49088100000002
529,46.957652095051465,37.76901599999997,-122.48708100000002
530,46.1809367493976,37.76901599999997,-122.48328100000002
531,43.91394891806746,37.76901599999997,-122.47948100000002
532,42.370416243504586,37.76901599999997,-122.47568100000002
533,40.351906900444995,37.76901599999997,-122.47188100000002
534,42.424929813248745,37.76901599999997,-122.46808100000003
535,46.11547044025047,37.76901599999997,-122.46428100000003
536,47.04168423504963,37.76901599999997,-122.46048100000003
537,45.43024746449029,37.76901599999997,-122.45668100000003
538,40.447311514687385,37.76901599999997,-122.45288100000003
539,38.561770155910004,37.76901599999997,-122.44908100000004
540,37.83614607755932,37.76901599999997,-122.44528100000004
541,40.02516137152584,37.76901599999997,-122.44148100000004
542,37.551019904965536,37.76901599999997,-122.43768100000004
543,33.77728829503485,37.76901599999997,-122.43388100000004
544,29.529724721832167,37.76901599999997,-122.43008100000004
545,31.395604004920777,37.76901599999997,-122.42628100000005
546,32.82843027438796,37.76901599999997,-122.42248100000005
547,31.82181336982685,37.76901599999997,-122.41868100000005
548,33.79520893407594,37.76901599999997,-122.41488100000005
549,34.764505580226384,37.76901599999997,-122.41108100000005
550,34.18979887580481,37.76901599999997,-122.40728100000005
551,33.540187467292895,37.76901599999997,-122.40348100000006
552,33.8499645462288,37.76901599999997,-122.39968100000006
553,33.19667381535995,37.76901599999997,-122.39588100000006
554,33.566530316789716,37.76901599999997,-122.39208100000006
555,31.736888476248325,37.76901599999997,-122.38828100000006
556,54.24923780315291,37.77281599999997,-122.50988100000001
557,54.62935492671316,37.77281599999997,-122.50608100000001
558,53.87357427657689,37.77281599999997,-122.50228100000001
559,53.06080013057867,37.77281599999997,-122.49848100000001
560,51.39002149878138,37.77281599999997,-122.49468100000001
561,50.14608453104002,37.77281599999997,-122.49088100000002
562,48.517448114092964,37.77281599999997,-122.48708100000002
563,48.48055531735373,37.77281599999997,-122.48328100000002
564,45.05075347353121,37.77281599999997,-122.47948100000002
565,39.708744190487174,37.77281599999997,-122.47568100000002
566,34.99183254951503,37.77281599999997,-122.47188100000002
567,39.78999577839001,37.77281599999997,-122.46808100000003
568,42.31203082295828,37.77281599999997,-122.46428100000003
569,42.59935049562526,37.77281599999997,-122.46048100000003
570,42.237797672349906,37.77281599999997,-122.45668100000003
571,40.234441835343404,37.77281599999997,-122.45288100000003
572,38.08665352430016,37.77281599999997,-122.44908100000004
573,35.90499132235051,37.77281599999997,-122.44528100000004
574,39.6632456099474,37.77281599999997,-122.44148100000004
575,37.99222769156525,37.77281599999997,-122.43768100000004
576,36.010682439868,37.77281599999997,-122.43388100000004
577,34.46844985034418,37.77281599999997,-122.43008100000004
578,31.738959877626264,37.77281599999997,-122.42628100000005
579,28.59249718463192,37.77281599999997,-122.42248100000005
580,26.535869657335493,37.77281599999997,-122.41868100000005
581,29.834452161541996,37.77281599999997,-122.41488100000005
582,31.927133711587143,37.77281599999997,-122.41108100000005
583,29.369836653519314,37.77281599999997,-122.40728100000005
584,28.236924117483593,37.77281599999997,-122.40348100000006
585,28.916125808610225,37.77281599999997,-122.39968100000006
586,27.86307708802206,37.77281599999997,-122.39588100000006
587,29.2923462341038,37.77281599999997,-122.39208100000006
588,29.259443583931404,37.77281599999997,-122.38828100000006
589,54.46005666612253,37.77661599999997,-122.50988100000001
590,54.30565070186553,37.77661599999997,-122.50608100000001
591,52.805951933247435,37.77661599999997,-122.50228100000001
592,52.09686192876084,37.77661599999997,-122.49848100000001
593,48.92586086916519,37.77661599999997,-122.49468100000001
594,48.77703331879628,37.77661599999997,-122.49088100000002
595,49.39839760352125,37.77661599999997,-122.48708100000002
596,48.63701982151996,37.77661599999997,-122.48328100000002
597,43.69178150521234,37.77661599999997,-122.47948100000002
598,38.51617947842226,37.77661599999997,-122.47568100000002
599,33.92939112524785,37.77661599999997,-122.47188100000002
600,39.2465314056689,37.77661599999997,-122.46808100000003
601,42.36954560682371,37.77661599999997,-122.46428100000003
602,41.76773934444432,37.77661599999997,-122.46048100000003
603,40.577927425338835,37.77661599999997,-122.45668100000003
604,39.39359379621474,37.77661599999997,-122.45288100000003
605,34.99477055293323,37.77661599999997,-122.44908100000004
606,34.95547053012093,37.77661599999997,-122.44528100000004
607,36.098982041773006,37.77661599999997,-122.44148100000004
608,33.19260075096706,37.77661599999997,-122.43768100000004
609,32.831782724909935,37.77661599999997,-122.43388100000004
610,32.900210652825045,37.77661599999997,-122.43008100000004
611,32.9849511284568,37.77661599999997,-122.42628100000005
612,27.84146704899179,37.77661599999997,-122.42248100000005
613,25.090811980157355,37.77661599999997,-122.41868100000005
614,24.90939484081432,37.77661599999997,-122.41488100000005
615,28.12648698804787,37.77661599999997,-122.41108100000005
616,26.186117926108697,37.77661599999997,-122.40728100000005
617,23.45200325033395,37.77661599999997,-122.40348100000006
618,24.256071516544353,37.77661599999997,-122.39968100000006
619,22.643777244794887,37.77661599999997,-122.39588100000006
620,26.557835502858783,37.77661599999997,-122.39208100000006
621,31.856773254363066,37.77661599999997,-122.38828100000006
622,53.07416894409857,37.78041599999997,-122.50988100000001
623,51.234365794307365,37.78041599999997,-122.50608100000001
624,50.21600623100331,37.78041599999997,-122.50228100000001
625,49.99913567049949,37.78041599999997,-122.49848100000001
626,46.41314468594375,37.78041599999997,-122.49468100000001
627,45.9734028459437,37.78041599999997,-122.49088100000002
628,45.584971363096464,37.78041599999997,-122.48708100000002
629,44.37517937137436,37.78041599999997,-122.48328100000002
630,41.67445898788502,37.78041599999997,-122.47948100000002
631,37.07083464765059,37.78041599999997,-122.47568100000002
632,33.419841901041984,37.78041599999997,-122.47188100000002
633,38.759758391351944,37.78041599999997,-122.46808100000003
634,37.47385399063335,37.78041599999997,-122.46428100000003
635,36.958585490339225,37.78041599999997,-122.46048100000003
636,35.257371056083954,37.78041599999997,-122.45668100000003
637,34.52352831404699,37.78041599999997,-122.45288100000003
638,32.2024283752055,37.78041599999997,-122.44908100000004
639,31.275925991429315,37.78041599999997,-122.44528100000004
640,32.696171962148455,37.78041599999997,-122.44148100000004
641,32.472252279502364,37.78041599999997,-122.43768100000004
642,30.20754018306578,37.78041599999997,-122.43388100000004
643,31.226700838655873,37.78041599999997,-122.43008100000004
644,29.44294640070535,37.78041599999997,-122.42628100000005
645,25.717705864934356,37.78041599999997,-122.42248100000005
646,26.150291263520828,37.78041599999997,-122.41868100000005
647,24.059377790847506,37.78041599999997,-122.41488100000005
648,24.305039353004382,37.78041599999997,-122.41108100000005
649,23.536848092816157,37.78041599999997,-122.40728100000005
650,19.67090889614038,37.78041599999997,-122.40348100000006
651,19.28638418321304,37.78041599999997,-122.39968100000006
652,23.104340553605592,37.78041599999997,-122.39588100000006
653,27.032311672182882,37.78041599999997,-122.39208100000006
654,32.11427587441471,37.78041599999997,-122.38828100000006
655,55.876887403524215,37.784215999999965,-122.50608100000001
656,55.2473060547783,37.784215999999965,-122.50228100000001
657,50.836917273330705,37.784215999999965,-122.49848100000001
658,45.6010357749608,37.784215999999965,-122.49468100000001
659,42.594455468212615,37.784215999999965,-122.49088100000002
660,42.370041084751286,37.784215999999965,-122.48708100000002
661,40.9945536163815,37.784215999999965,-122.48328100000002
662,39.093991811479825,37.784215999999965,-122.47948100000002
663,35.71921078930447,37.784215999999965,-122.47568100000002
664,32.789589533942916,37.784215999999965,-122.47188100000002
665,35.7071837829619,37.784215999999965,-122.46808100000003
666,34.30624619612486,37.784215999999965,-122.46428100000003
667,33.43967071892819,37.784215999999965,-122.46048100000003
668,32.3853628635989,37.784215999999965,-122.45668100000003
669,31.417765398210125,37.784215999999965,-122.45288100000003
670,28.980722717875178,37.784215999999965,-122.44908100000004
671,28.376987984253436,37.784215999999965,-122.44528100000004
672,27.361367673843894,37.784215999999965,-122.44148100000004
673,27.381557105870353,37.784215999999965,-122.43768100000004
674,26.414732430692343,37.784215999999965,-122.43388100000004
675,27.360684559274496,37.784215999999965,-122.43008100000004
676,26.306143159325224,37.784215999999965,-122.42628100000005
677,21.965538611038266,37.784215999999965,-122.42248100000005
678,23.653559669586972,37.784215999999965,-122.41868100000005
679,21.494668500609517,37.784215999999965,-122.41488100000005
680,21.634819126651667,37.784215999999965,-122.41108100000005
681,18.252136174958608,37.784215999999965,-122.40728100000005
682,18.566017492429477,37.784215999999965,-122.40348100000006
683,19.920019417259063,37.784215999999965,-122.39968100000006
684,24.48011145603852,37.784215999999965,-122.39588100000006
685,29.187943550505953,37.784215999999965,-122.39208100000006
686,31.270852665457156,37.784215999999965,-122.38828100000006
687,47.81876899018096,37.78801599999996,-122.49088100000002
688,46.33046494801503,37.78801599999996,-122.48708100000002
689,44.68398588103055,37.78801599999996,-122.48328100000002
690,42.519537693145594,37.78801599999996,-122.47948100000002
691,38.33051031780199,37.78801599999996,-122.47568100000002
692,37.114675198454535,37.78801599999996,-122.47188100000002
693,38.63465246236863,37.78801599999996,-122.46808100000003
694,36.58940149298253,37.78801599999996,-122.46428100000003
695,34.42180158193488,37.78801599999996,-122.46048100000003
696,31.04094001161026,37.78801599999996,-122.45668100000003
697,27.884070674844324,37.78801599999996,-122.45288100000003
698,23.97581906364982,37.78801599999996,-122.44908100000004
699,24.352372727991863,37.78801599999996,-122.44528100000004
700,22.09681009057772,37.78801599999996,-122.44148100000004
701,23.25752762647302,37.78801599999996,-122.43768100000004
702,22.165865828379136,37.78801599999996,-122.43388100000004
703,22.106028245645074,37.78801599999996,-122.43008100000004
704,22.185984588046196,37.78801599999996,-122.42628100000005
705,19.552525116656387,37.78801599999996,-122.42248100000005
706,18.871361899241194,37.78801599999996,-122.41868100000005
707,17.916152222203117,37.78801599999996,-122.41488100000005
708,16.5949820915332,37.78801599999996,-122.41108100000005
709,14.596586470367106,37.78801599999996,-122.40728100000005
710,17.87720616774553,37.78801599999996,-122.40348100000006
711,22.015087982465165,37.78801599999996,-122.39968100000006
712,26.55184318135111,37.78801599999996,-122.39588100000006
713,24.799814592119795,37.78801599999996,-122.39208100000006
714,27.035039750485716,37.78801599999996,-122.38828100000006
715,51.25185532556016,37.79181599999996,-122.48708100000002
716,48.416550500211834,37.79181599999996,-122.48328100000002
717,45.88633052299985,37.79181599999996,-122.47948100000002
718,43.064681655368375,37.79181599999996,-122.47568100000002
719,42.43296590205978,37.79181599999996,-122.47188100000002
720,40.184726140039146,37.79181599999996,-122.46808100000003
721,35.45499209896249,37.79181599999996,-122.46428100000003
722,31.15183988819313,37.79181599999996,-122.46048100000003
723,26.86921581507859,37.79181599999996,-122.45668100000003
724,23.90855134898937,37.79181599999996,-122.45288100000003
725,21.844726053639782,37.79181599999996,-122.44908100000004
726,22.820391206654143,37.79181599999996,-122.44528100000004
727,19.829977806157316,37.79181599999996,-122.44148100000004
728,19.822266299972775,37.79181599999996,-122.43768100000004
729,19.35237675901731,37.79181599999996,-122.43388100000004
730,20.848158591425026,37.79181599999996,-122.43008100000004
731,19.36528305106504,37.79181599999996,-122.42628100000005
732,17.270682016047676,37.79181599999996,-122.42248100000005
733,17.970983908081234,37.79181599999996,-122.41868100000005
734,16.38444914856952,37.79181599999996,-122.41488100000005
735,13.74856055184651,37.79181599999996,-122.41108100000005
736,11.000065993037332,37.79181599999996,-122.40728100000005
737,14.984489969822397,37.79181599999996,-122.40348100000006
738,19.409821365375965,37.79181599999996,-122.39968100000006
739,21.275956111791853,37.79181599999996,-122.39588100000006
740,23.408820085550893,37.79181599999996,-122.39208100000006
741,26.620466868585087,37.79181599999996,-122.38828100000006
742,43.772294540522196,37.79561599999996,-122.48328100000002
743,41.40304139285445,37.79561599999996,-122.47948100000002
744,40.5950725192293,37.79561599999996,-122.47568100000002
745,41.57825690924991,37.79561599999996,-122.47188100000002
746,37.826822499076144,37.79561599999996,-122.46808100000003
747,33.26009007013954,37.79561599999996,-122.46428100000003
748,28.206237899372482,37.79561599999996,-122.46048100000003
749,23.586802581296805,37.79561599999996,-122.45668100000003
750,19.329499670121425,37.79561599999996,-122.45288100000003
751,19.39544151188968,37.79561599999996,-122.44908100000004
752,18.43951437464016,37.79561599999996,-122.44528100000004
753,18.210131221981364,37.79561599999996,-122.44148100000004
754,17.715158096876824,37.79561599999996,-122.43768100000004
755,17.34850410817847,37.79561599999996,-122.43388100000004
756,15.96527045586118,37.79561599999996,-122.43008100000004
757,15.082313888676067,37.79561599999996,-122.42628100000005
758,13.640815991419515,37.79561599999996,-122.42248100000005
759,12.72363680931226,37.79561599999996,-122.41868100000005
760,11.585989052836746,37.79561599999996,-122.41488100000005
761,9.775854252728232,37.79561599999996,-122.41108100000005
762,8.197073924627768,37.79561599999996,-122.40728100000005
763,13.327922935534287,37.79561599999996,-122.40348100000006
764,16.697051946960023,37.79561599999996,-122.39968100000006
765,17.347526099201403,37.79561599999996,-122.39588100000006
766,39.6269970475151,37.79941599999996,-122.48328100000002
767,36.42846303085381,37.79941599999996,-122.47948100000002
768,35.23505189004514,37.79941599999996,-122.47568100000002
769,36.6785530979222,37.79941599999996,-122.47188100000002
770,35.90402602368824,37.79941599999996,-122.46808100000003
771,30.74267062739367,37.79941599999996,-122.46428100000003
772,25.85559577362385,37.79941599999996,-122.46048100000003
773,21.87020956959424,37.79941599999996,-122.45668100000003
774,16.715880902942487,37.79941599999996,-122.45288100000003
775,19.233495099868307,37.79941599999996,-122.44908100000004
776,17.501939075627757,37.79941599999996,-122.44528100000004
777,19.254525315013883,37.79941599999996,-122.44148100000004
778,16.950057156527105,37.79941599999996,-122.43768100000004
779,17.220648430630156,37.79941599999996,-122.43388100000004
780,15.201515666764863,37.79941599999996,-122.43008100000004
781,13.107772927203143,37.79941599999996,-122.42628100000005
782,10.020866479767967,37.79941599999996,-122.42248100000005
783,8.121947451583468,37.79941599999996,-122.41868100000005
784,7.017247526348257,37.79941599999996,-122.41488100000005
785,4.589198925323638,37.79941599999996,-122.41108100000005
786,6.585555316267149,37.79941599999996,-122.40728100000005
787,11.683802839947196,37.79941599999996,-122.40348100000006
788,16.352658475963754,37.79941599999996,-122.39968100000006
789,32.04596074955258,37.803215999999956,-122.47948100000002
790,29.877712868605514,37.803215999999956,-122.47568100000002
791,32.36583813356603,37.803215999999956,-122.47188100000002
792,35.48260100139553,37.803215999999956,-122.46808100000003
793,30.14269283802502,37.803215999999956,-122.46428100000003
794,24.836505566234656,37.803215999999956,-122.46048100000003
795,19.884636435644307,37.803215999999956,-122.45668100000003
796,20.311884588614404,37.803215999999956,-122.45288100000003
797,18.141066655263803,37.803215999999956,-122.44908100000004
798,16.250778329088927,37.803215999999956,-122.44528100000004
799,20.731277788518966,37.803215999999956,-122.44148100000004
800,16.173020263213736,37.803215999999956,-122.43768100000004
801,16.13748350923831,37.803215999999956,-122.43388100000004
802,19.49719095656672,37.803215999999956,-122.43008100000004
803,16.579969769958943,37.803215999999956,-122.42628100000005
804,14.774319959566212,37.803215999999956,-122.42248100000005
805,10.084080653987895,37.803215999999956,-122.41868100000005
806,5.366276424562704,37.803215999999956,-122.41488100000005
807,0.9344276441977352,37.803215999999956,-122.41108100000005
808,5.348656194894594,37.803215999999956,-122.40728100000005
809,10.117439484193506,37.803215999999956,-122.40348100000006
810,30.115384036963988,37.807015999999955,-122.47948100000002
811,25.560065880009002,37.807015999999955,-122.47568100000002
812,29.300481721263132,37.807015999999955,-122.47188100000002
813,34.62568253382097,37.807015999999955,-122.46808100000003
814,31.79221044151516,37.807015999999955,-122.46428100000003
815,27.4665697334327,37.807015999999955,-122.46048100000003
816,23.183817474028846,37.807015999999955,-122.45668100000003
817,22.203142745415498,37.807015999999955,-122.45288100000003
818,18.39746181157214,37.807015999999955,-122.44908100000004
819,20.0395226598747,37.807015999999955,-122.44528100000004
820,22.114990461615644,37.807015999999955,-122.44148100000004
821,17.861355370942498,37.807015999999955,-122.43768100000004
822,20.433235830036303,37.807015999999955,-122.43388100000004
823,20.997775080308504,37.807015999999955,-122.43008100000004
824,17.030854595946437,37.807015999999955,-122.42628100000005
825,13.5470484427837,37.807015999999955,-122.42248100000005
826,11.517775764430386,37.807015999999955,-122.41868100000005
827,7.343179523896669,37.807015999999955,-122.41488100000005
828,5.2709839406623225,37.807015999999955,-122.41108100000005
